0,0.0
1,-1.05341
2,-1.06644
3,-1.06384
4,-1.07687
5,-1.06644
6,-1.06644
7,-1.06384
8,-1.06905
9,-1.05862
10,-1.06644
11,-1.05341
12,-1.06905
13,-1.05862
14,-1.07166
15,-1.06644
16,-1.05601
17,-1.0508
18,-1.06644
19,-1.05341
20,-1.06123
21,-1.06644
22,-1.06123
23,-1.06644
24,-1.06905
25,-1.0873
26,-1.08209
27,-1.07426
28,-1.06644
29,-1.07687
30,-1.06644
31,-1.08209
32,-1.09773
33,-1.08209
34,-1.06644
35,-1.08209
36,-1.06644
37,-1.05862
38,-1.06384
39,-1.05601
40,-1.05862
41,-1.06123
42,-1.06384
43,-1.06644
44,-1.07166
45,-1.08209
46,-1.0508
47,-1.07166
48,-1.07426
49,-1.05341
50,-1.07426
51,-1.08469
52,-1.06644
53,-1.07426
54,-1.05862
55,-1.06384
56,-1.06644
57,-1.06905
58,-1.04819
59,-1.06905
60,-1.08209
61,-1.06644
62,-1.07166
63,-1.08991
64,-1.06384
65,-1.03776
66,-1.06905
67,-1.07166
68,-1.06905
69,-1.08209
70,-1.07166
71,-1.07426
72,-1.09773
73,-1.08209
74,-1.06123
75,-1.07426
76,-1.05341
77,-1.07948
78,-1.05862
79,-1.05601
80,-1.08209
81,-1.07687
82,-1.06644
83,-1.05862
84,-1.06905
85,-1.05862
86,-1.06644
87,-1.07166
88,-1.06384
89,-1.08209
90,-1.05862
91,-1.07426
92,-1.07426
93,-1.07166
94,-1.06644
95,-1.07166
96,-1.05341
97,-1.05862
98,-1.06123
99,-1.06123
100,-1.05341
101,-1.05341
102,-1.07426
103,-1.05862
104,-1.06905
105,-1.07166
106,-1.06644
107,-1.07687
108,-1.05862
109,-1.07426
110,-1.04037
111,-1.07166
112,-1.06905
113,-1.06905
114,-1.07687
115,-1.05862
116,-1.07166
117,-1.05862
118,-1.05341
119,-1.04037
120,-1.06644
121,-1.06384
122,-1.06644
123,-1.04298
124,-1.06905
125,-1.05341
126,-1.0508
127,-1.07426
128,-1.06384
129,-1.04298
130,-1.04819
131,-1.06905
132,-1.05862
133,-1.0508
134,-1.05341
135,-1.05341
136,-1.04298
137,-1.0508
138,-1.04037
139,-1.03776
140,-1.04037
141,-1.05341
142,-1.05341
143,-1.04037
144,-1.03255
145,-1.03776
146,-1.03776
147,-1.04037
148,-1.03776
149,-1.04298
150,-1.04037
151,-1.04558
152,-1.02472
153,-1.03776
154,-1.04558
155,-1.04558
156,-1.04037
157,-1.02994
158,-1.03776
159,-1.04819
160,-1.03776
161,-1.03515
162,-1.00647
163,-1.02994
164,-1.04298
165,-1.03515
166,-1.03515
167,-1.02212
168,-1.02994
169,-1.02212
170,-1.0169
171,-1.05341
172,-1.00908
173,-1.03776
174,-1.02994
175,-1.02994
176,-1.03515
177,-1.0169
178,-1.02472
179,-1.01169
180,-1.01951
181,-1.00386
182,-1.00908
183,-1.02733
184,-1.00647
185,-1.0169
186,-1.00647
187,-1.00908
188,-1.01169
189,-1.0169
190,-1.00647
191,-1.00126
192,-1.00908
193,-1.00386
194,-1.02212
195,-1.01169
196,-1.00126
197,-1.00647
198,-1.00126
199,-0.990827
200,-0.996042
201,-1.00647
202,-0.988219
203,-0.985612
204,-0.998649
205,-0.97779
206,-0.983005
207,-0.983005
208,-0.993434
209,-0.964752
210,-0.980397
211,-0.993434
212,-0.988219
213,-0.988219
214,-1.00126
215,-0.988219
216,-0.969967
217,-0.964752
218,-0.975182
219,-0.969967
220,-0.972575
221,-0.962145
222,-0.964752
223,-0.96736
224,-0.951715
225,-0.951715
226,-0.964752
227,-0.972575
228,-0.954323
229,-0.972575
230,-0.954323
231,-0.954323
232,-0.962145
233,-0.96736
234,-0.97779
235,-0.95693
236,-0.959538
237,-0.943893
238,-0.949108
239,-0.964752
240,-0.9465
241,-0.954323
242,-0.964752
243,-0.930856
244,-0.930856
245,-0.938678
246,-0.938678
247,-0.933463
248,-0.951715
249,-0.941285
250,-0.936071
251,-0.941285
252,-0.936071
253,-0.920426
254,-0.9465
255,-0.943893
256,-0.938678
257,-0.949108
258,-0.941285
259,-0.923033
260,-0.917818
261,-0.923033
262,-0.909996
263,-0.912604
264,-0.920426
265,-0.920426
266,-0.899566
267,-0.923033
268,-0.912604
269,-0.904781
270,-0.915211
271,-0.917818
272,-0.904781
273,-0.886529
274,-0.889137
275,-0.889137
276,-0.896959
277,-0.912604
278,-0.899566
279,-0.889137
280,-0.883922
281,-0.896959
282,-0.891744
283,-0.894352
284,-0.909996
285,-0.907389
286,-0.894352
287,-0.870885
288,-0.881314
289,-0.886529
290,-0.896959
291,-0.876099
292,-0.870885
293,-0.873492
294,-0.860455
295,-0.868277
296,-0.852633
297,-0.868277
298,-0.883922
299,-0.85524
300,-0.857847
301,-0.863062
302,-0.889137
303,-0.857847
304,-0.850025
305,-0.868277
306,-0.852633
307,-0.847418
308,-0.860455
309,-0.850025
310,-0.850025
311,-0.818736
312,-0.836988
313,-0.852633
314,-0.842203
315,-0.84481
316,-0.836988
317,-0.85524
318,-0.829166
319,-0.829166
320,-0.831773
321,-0.836988
322,-0.83438
323,-0.813521
324,-0.805699
325,-0.808306
326,-0.816128
327,-0.829166
328,-0.821343
329,-0.803091
330,-0.823951
331,-0.829166
332,-0.813521
333,-0.810914
334,-0.808306
335,-0.805699
336,-0.805699
337,-0.771802
338,-0.787447
339,-0.803091
340,-0.790054
341,-0.787447
342,-0.774409
343,-0.784839
344,-0.787447
345,-0.797876
346,-0.774409
347,-0.787447
348,-0.790054
349,-0.761372
350,-0.792661
351,-0.784839
352,-0.76398
353,-0.777017
354,-0.771802
355,-0.769194
356,-0.766587
357,-0.75355
358,-0.748335
359,-0.761372
360,-0.748335
361,-0.737905
362,-0.745728
363,-0.769194
364,-0.756157
365,-0.727475
366,-0.74312
367,-0.756157
368,-0.756157
369,-0.735298
370,-0.756157
371,-0.740513
372,-0.717046
373,-0.74312
374,-0.730083
375,-0.730083
376,-0.748335
377,-0.761372
378,-0.727475
379,-0.735298
380,-0.727475
381,-0.737905
382,-0.724868
383,-0.737905
384,-0.724868
385,-0.706616
386,-0.727475
387,-0.719653
388,-0.701401
389,-0.698794
390,-0.696186
391,-0.698794
392,-0.704009
393,-0.698794
394,-0.706616
395,-0.696186
396,-0.680542
397,-0.672719
398,-0.677934
399,-0.677934
400,-0.667504
401,-0.672719
402,-0.66229
403,-0.683149
404,-0.677934
405,-0.685756
406,-0.654467
407,-0.664897
408,-0.667504
409,-0.670112
410,-0.657075
411,-0.667504
412,-0.664897
413,-0.638823
414,-0.64143
415,-0.638823
416,-0.65186
417,-0.654467
418,-0.65186
419,-0.644037
420,-0.659682
421,-0.638823
422,-0.633608
423,-0.636215
424,-0.633608
425,-0.612748
426,-0.62057
427,-0.628393
428,-0.623178
429,-0.610141
430,-0.610141
431,-0.612748
432,-0.623178
433,-0.612748
434,-0.617963
435,-0.617963
436,-0.623178
437,-0.625785
438,-0.610141
439,-0.623178
440,-0.617963
441,-0.599711
442,-0.581459
443,-0.610141
444,-0.594496
445,-0.586674
446,-0.594496
447,-0.594496
448,-0.576244
449,-0.581459
450,-0.581459
451,-0.594496
452,-0.578851
453,-0.568422
454,-0.565814
455,-0.565814
456,-0.563207
457,-0.568422
458,-0.544955
459,-0.557992
460,-0.565814
461,-0.544955
462,-0.565814
463,-0.547562
464,-0.565814
465,-0.55017
466,-0.544955
467,-0.565814
468,-0.534525
469,-0.55017
470,-0.544955
471,-0.555385
472,-0.53974
473,-0.52931
474,-0.521488
475,-0.524095
476,-0.521488
477,-0.51888
478,-0.521488
479,-0.524095
480,-0.508451
481,-0.513665
482,-0.500628
483,-0.513665
484,-0.498021
485,-0.511058
486,-0.505843
487,-0.505843
488,-0.484984
489,-0.500628
490,-0.490199
491,-0.471946
492,-0.464124
493,-0.490199
494,-0.477161
495,-0.479769
496,-0.479769
497,-0.464124
498,-0.477161
499,-0.477161
500,-0.487591
501,-0.487591
502,-0.456302
503,-0.461517
504,-0.469339
505,-0.453694
506,-0.440657
507,-0.445872
508,-0.469339
509,-0.474554
510,-0.456302
511,-0.461517
512,-0.453694
513,-0.445872
514,-0.445872
515,-0.44848
516,-0.41719
517,-0.41719
518,-0.430227
519,-0.425013
520,-0.432835
521,-0.41719
522,-0.432835
523,-0.419798
524,-0.42762
525,-0.404153
526,-0.40676
527,-0.404153
528,-0.40676
529,-0.398938
530,-0.401546
531,-0.401546
532,-0.388508
533,-0.404153
534,-0.398938
535,-0.372864
536,-0.388508
537,-0.385901
538,-0.383294
539,-0.378079
540,-0.372864
541,-0.385901
542,-0.367649
543,-0.352004
544,-0.344182
545,-0.365041
546,-0.365041
547,-0.359827
548,-0.357219
549,-0.349397
550,-0.344182
551,-0.344182
552,-0.33636
553,-0.338967
554,-0.33636
555,-0.344182
556,-0.32593
557,-0.32593
558,-0.318108
559,-0.328537
560,-0.344182
561,-0.328537
562,-0.323322
563,-0.312893
564,-0.299855
565,-0.318108
566,-0.307678
567,-0.310285
568,-0.320715
569,-0.310285
570,-0.30507
571,-0.286818
572,-0.286818
573,-0.297248
574,-0.294641
575,-0.284211
576,-0.281603
577,-0.284211
578,-0.281603
579,-0.281603
580,-0.276389
581,-0.284211
582,-0.265959
583,-0.268566
584,-0.260744
585,-0.278996
586,-0.284211
587,-0.242492
588,-0.252922
589,-0.258136
590,-0.250314
591,-0.255529
592,-0.226847
593,-0.258136
594,-0.265959
595,-0.237277
596,-0.239884
597,-0.239884
598,-0.245099
599,-0.239884
600,-0.242492
601,-0.229455
602,-0.229455
603,-0.237277
604,-0.208595
605,-0.211203
606,-0.211203
607,-0.20338
608,-0.205988
609,-0.219025
610,-0.219025
611,-0.219025
612,-0.219025
613,-0.205988
614,-0.198165
615,-0.187736
616,-0.21381
617,-0.19295
618,-0.208595
619,-0.205988
620,-0.179913
621,-0.159054
622,-0.177306
623,-0.161661
624,-0.159054
625,-0.161661
626,-0.151231
627,-0.166876
628,-0.169484
629,-0.169484
630,-0.151231
631,-0.174698
632,-0.161661
633,-0.143409
634,-0.140802
635,-0.135587
636,-0.125157
637,-0.135587
638,-0.143409
639,-0.148624
640,-0.132979
641,-0.135587
642,-0.130372
643,-0.114727
644,-0.106905
645,-0.119942
646,-0.12255
647,-0.0990827
648,-0.106905
649,-0.0912604
650,-0.10169
651,-0.0886529
652,-0.0964752
653,-0.12255
654,-0.0964752
655,-0.0756157
656,-0.0625785
657,-0.0808306
658,-0.0808306
659,-0.0808306
660,-0.083438
661,-0.0860455
662,-0.083438
663,-0.0782232
664,-0.0625785
665,-0.065186
666,-0.0469339
667,-0.0469339
668,-0.0677934
669,-0.0625785
670,-0.0625785
671,-0.0547562
672,-0.0573637
673,-0.0521488
674,-0.0312893
675,-0.0260744
676,-0.0260744
677,-0.0443265
678,-0.0469339
679,-0.0208595
680,-0.0365041
681,-0.0312893
682,-0.0182521
683,-0.0182521
684,-0.0182521
685,-0.0286818
686,-0.0208595
687,-0.00521488
688,-0.00260744
689,0.0208595
690,-0.00521488
691,-0.00521488
692,-0.00782232
693,-0.00782232
694,0.00782232
695,0.00260744
696,0.00260744
697,0.0156446
698,0.0182521
699,0.0260744
700,0.0260744
701,0.0286818
702,0.0286818
703,0.041719
704,0.0260744
705,0.0312893
706,0.0286818
707,0.0260744
708,0.041719
709,0.0130372
710,0.0312893
711,0.0443265
712,0.0443265
713,0.0599711
714,0.0469339
715,0.0547562
716,0.0521488
717,0.0860455
718,0.0599711
719,0.0756157
720,0.0782232
721,0.0730083
722,0.0964752
723,0.0730083
724,0.0912604
725,0.0677934
726,0.0964752
727,0.0912604
728,0.083438
729,0.0860455
730,0.0964752
731,0.106905
732,0.0938678
733,0.0990827
734,0.0808306
735,0.11212
736,0.0938678
737,0.12255
738,0.114727
739,0.125157
740,0.119942
741,0.12255
742,0.106905
743,0.127765
744,0.130372
745,0.130372
746,0.130372
747,0.146017
748,0.138194
749,0.153839
750,0.143409
751,0.153839
752,0.151231
753,0.148624
754,0.138194
755,0.143409
756,0.161661
757,0.169484
758,0.169484
759,0.159054
760,0.166876
761,0.174698
762,0.179913
763,0.182521
764,0.185128
765,0.190343
766,0.179913
767,0.198165
768,0.185128
769,0.182521
770,0.187736
771,0.179913
772,0.190343
773,0.200773
774,0.211203
775,0.219025
776,0.226847
777,0.219025
778,0.22424
779,0.219025
780,0.221632
781,0.221632
782,0.221632
783,0.219025
784,0.23467
785,0.226847
786,0.239884
787,0.237277
788,0.22424
789,0.250314
790,0.247707
791,0.258136
792,0.242492
793,0.23467
794,0.258136
795,0.247707
796,0.255529
797,0.268566
798,0.263351
799,0.263351
800,0.278996
801,0.265959
802,0.250314
803,0.263351
804,0.284211
805,0.286818
806,0.276389
807,0.276389
808,0.278996
809,0.292033
810,0.302463
811,0.292033
812,0.284211
813,0.302463
814,0.284211
815,0.281603
816,0.278996
817,0.318108
818,0.318108
819,0.323322
820,0.297248
821,0.292033
822,0.307678
823,0.30507
824,0.312893
825,0.3155
826,0.32593
827,0.323322
828,0.33636
829,0.328537
830,0.331145
831,0.341574
832,0.346789
833,0.346789
834,0.33636
835,0.341574
836,0.359827
837,0.338967
838,0.341574
839,0.354612
840,0.367649
841,0.346789
842,0.357219
843,0.367649
844,0.352004
845,0.357219
846,0.367649
847,0.352004
848,0.378079
849,0.372864
850,0.372864
851,0.393723
852,0.372864
853,0.380686
854,0.396331
855,0.383294
856,0.391116
857,0.385901
858,0.396331
859,0.404153
860,0.380686
861,0.396331
862,0.396331
863,0.40676
864,0.401546
865,0.393723
866,0.41719
867,0.411975
868,0.404153
869,0.422405
870,0.425013
871,0.422405
872,0.425013
873,0.42762
874,0.422405
875,0.422405
876,0.425013
877,0.42762
878,0.451087
879,0.42762
880,0.42762
881,0.445872
882,0.43805
883,0.443265
884,0.453694
885,0.453694
886,0.445872
887,0.445872
888,0.477161
889,0.464124
890,0.445872
891,0.474554
892,0.464124
893,0.456302
894,0.471946
895,0.471946
896,0.474554
897,0.482376
898,0.469339
899,0.482376
900,0.477161
901,0.482376
902,0.487591
903,0.492806
904,0.500628
905,0.500628
906,0.513665
907,0.495413
908,0.500628
909,0.500628
910,0.503236
911,0.500628
912,0.495413
913,0.521488
914,0.513665
915,0.51888
916,0.508451
917,0.505843
918,0.513665
919,0.513665
920,0.52931
921,0.534525
922,0.53974
923,0.537132
924,0.52931
925,0.526703
926,0.537132
927,0.542347
928,0.544955
929,0.52931
930,0.52931
931,0.552777
932,0.534525
933,0.526703
934,0.555385
935,0.557992
936,0.578851
937,0.55017
938,0.555385
939,0.552777
940,0.578851
941,0.571029
942,0.573637
943,0.573637
944,0.584066
945,0.565814
946,0.573637
947,0.581459
948,0.584066
949,0.589281
950,0.563207
951,0.586674
952,0.578851
953,0.591889
954,0.573637
955,0.589281
956,0.586674
957,0.599711
958,0.591889
959,0.589281
960,0.607533
961,0.607533
962,0.597104
963,0.602318
964,0.612748
965,0.607533
966,0.584066
967,0.597104
968,0.62057
969,0.633608
970,0.62057
971,0.617963
972,0.617963
973,0.617963
974,0.628393
975,0.628393
976,0.612748
977,0.623178
978,0.644037
979,0.649252
980,0.638823
981,0.633608
982,0.625785
983,0.633608
984,0.646645
985,0.628393
986,0.646645
987,0.633608
988,0.654467
989,0.659682
990,0.657075
991,0.670112
992,0.633608
993,0.654467
994,0.649252
995,0.654467
996,0.66229
997,0.654467
998,0.675327
999,0.664897
1000,0.690971
1001,0.683149
1002,0.670112
1003,0.675327
1004,0.670112
1005,0.685756
1006,0.670112
1007,0.664897
1008,0.677934
1009,0.680542
1010,0.685756
1011,0.690971
1012,0.680542
1013,0.677934
1014,0.677934
1015,0.683149
1016,0.704009
1017,0.685756
1018,0.690971
1019,0.704009
1020,0.696186
1021,0.688364
1022,0.698794
1023,0.704009
1024,0.706616
1025,0.690971
1026,0.711831
1027,0.706616
1028,0.706616
1029,0.714438
1030,0.724868
1031,0.717046
1032,0.719653
1033,0.714438
1034,0.714438
1035,0.701401
1036,0.724868
1037,0.724868
1038,0.714438
1039,0.722261
1040,0.714438
1041,0.719653
1042,0.719653
1043,0.735298
1044,0.735298
1045,0.73269
1046,0.737905
1047,0.735298
1048,0.745728
1049,0.745728
1050,0.730083
1051,0.758765
1052,0.73269
1053,0.748335
1054,0.745728
1055,0.745728
1056,0.740513
1057,0.758765
1058,0.756157
1059,0.761372
1060,0.766587
1061,0.787447
1062,0.766587
1063,0.75355
1064,0.766587
1065,0.750942
1066,0.771802
1067,0.75355
1068,0.756157
1069,0.774409
1070,0.774409
1071,0.782232
1072,0.774409
1073,0.766587
1074,0.790054
1075,0.790054
1076,0.784839
1077,0.774409
1078,0.774409
1079,0.787447
1080,0.795269
1081,0.787447
1082,0.774409
1083,0.795269
1084,0.795269
1085,0.818736
1086,0.779624
1087,0.779624
1088,0.790054
1089,0.800484
1090,0.803091
1091,0.784839
1092,0.779624
1093,0.787447
1094,0.779624
1095,0.803091
1096,0.790054
1097,0.805699
1098,0.795269
1099,0.795269
1100,0.808306
1101,0.800484
1102,0.813521
1103,0.808306
1104,0.805699
1105,0.810914
1106,0.800484
1107,0.813521
1108,0.810914
1109,0.816128
1110,0.805699
1111,0.831773
1112,0.829166
1113,0.818736
1114,0.808306
1115,0.808306
1116,0.816128
1117,0.829166
1118,0.810914
1119,0.821343
1120,0.808306
1121,0.829166
1122,0.821343
1123,0.842203
1124,0.826558
1125,0.836988
1126,0.83438
1127,0.839595
1128,0.831773
1129,0.823951
1130,0.83438
1131,0.836988
1132,0.826558
1133,0.836988
1134,0.84481
1135,0.83438
1136,0.852633
1137,0.850025
1138,0.839595
1139,0.860455
1140,0.847418
1141,0.850025
1142,0.84481
1143,0.831773
1144,0.83438
1145,0.852633
1146,0.852633
1147,0.852633
1148,0.831773
1149,0.868277
1150,0.850025
1151,0.85524
1152,0.86567
1153,0.850025
1154,0.86567
1155,0.863062
1156,0.84481
1157,0.836988
1158,0.842203
1159,0.868277
1160,0.850025
1161,0.850025
1162,0.86567
1163,0.85524
1164,0.839595
1165,0.857847
1166,0.857847
1167,0.860455
1168,0.84481
1169,0.868277
1170,0.870885
1171,0.85524
1172,0.868277
1173,0.86567
1174,0.857847
1175,0.870885
1176,0.85524
1177,0.886529
1178,0.86567
1179,0.868277
1180,0.868277
1181,0.860455
1182,0.870885
1183,0.886529
1184,0.883922
1185,0.886529
1186,0.86567
1187,0.86567
1188,0.883922
1189,0.876099
1190,0.881314
1191,0.85524
1192,0.883922
1193,0.891744
1194,0.881314
1195,0.878707
1196,0.873492
1197,0.883922
1198,0.883922
1199,0.889137
1200,0.891744
1201,0.891744
1202,0.886529
1203,0.876099
1204,0.889137
1205,0.878707
1206,0.878707
1207,0.873492
1208,0.873492
1209,0.883922
1210,0.899566
1211,0.881314
1212,0.883922
1213,0.896959
1214,0.917818
1215,0.909996
1216,0.870885
1217,0.894352
1218,0.883922
1219,0.883922
1220,0.886529
1221,0.899566
1222,0.894352
1223,0.902174
1224,0.883922
1225,0.883922
1226,0.886529
1227,0.899566
1228,0.894352
1229,0.909996
1230,0.896959
1231,0.894352
1232,0.883922
1233,0.923033
1234,0.899566
1235,0.907389
1236,0.894352
1237,0.881314
1238,0.912604
1239,0.881314
1240,0.886529
1241,0.902174
1242,0.899566
1243,0.917818
1244,0.899566
1245,0.894352
1246,0.889137
1247,0.907389
1248,0.907389
1249,0.917818
1250,0.896959
1251,0.909996
1252,0.917818
1253,0.907389
1254,0.886529
1255,0.891744
1256,0.907389
1257,0.878707
1258,0.899566
1259,0.883922
1260,0.889137
1261,0.891744
1262,0.902174
1263,0.915211
1264,0.902174
1265,0.915211
1266,0.902174
1267,0.894352
1268,0.907389
1269,0.899566
1270,0.891744
1271,0.909996
1272,0.902174
1273,0.923033
1274,0.899566
1275,0.896959
1276,0.896959
1277,0.899566
1278,0.907389
1279,0.925641
1280,0.907389
1281,0.889137
1282,0.912604
1283,0.904781
1284,0.899566
1285,0.883922
1286,0.889137
1287,0.907389
1288,0.912604
1289,0.902174
1290,0.909996
1291,0.902174
1292,0.899566
1293,0.886529
1294,0.883922
1295,0.902174
1296,0.902174
1297,0.886529
1298,0.912604
1299,0.896959
1300,0.886529
1301,0.899566
1302,0.904781
1303,0.907389
1304,0.902174
1305,0.915211
1306,0.907389
1307,0.883922
1308,0.902174
1309,0.907389
1310,0.896959
1311,0.915211
1312,0.899566
1313,0.894352
1314,0.904781
1315,0.907389
1316,0.907389
1317,0.891744
1318,0.899566
1319,0.896959
1320,0.896959
1321,0.907389
1322,0.904781
1323,0.878707
1324,0.886529
1325,0.904781
1326,0.925641
1327,0.894352
1328,0.902174
1329,0.891744
1330,0.894352
1331,0.907389
1332,0.889137
1333,0.883922
1334,0.894352
1335,0.891744
1336,0.883922
1337,0.883922
1338,0.881314
1339,0.889137
1340,0.883922
1341,0.883922
1342,0.883922
1343,0.883922
1344,0.868277
1345,0.889137
1346,0.894352
1347,0.883922
1348,0.883922
1349,0.896959
1350,0.876099
1351,0.899566
1352,0.878707
1353,0.876099
1354,0.886529
1355,0.883922
1356,0.883922
1357,0.899566
1358,0.878707
1359,0.886529
1360,0.894352
1361,0.907389
1362,0.860455
1363,0.899566
1364,0.896959
1365,0.886529
1366,0.883922
1367,0.889137
1368,0.899566
1369,0.876099
1370,0.886529
1371,0.870885
1372,0.881314
1373,0.876099
1374,0.881314
1375,0.883922
1376,0.886529
1377,0.878707
1378,0.894352
1379,0.868277
1380,0.891744
1381,0.868277
1382,0.876099
1383,0.876099
1384,0.873492
1385,0.860455
1386,0.857847
1387,0.873492
1388,0.870885
1389,0.878707
1390,0.868277
1391,0.883922
1392,0.868277
1393,0.891744
1394,0.868277
1395,0.85524
1396,0.85524
1397,0.868277
1398,0.868277
1399,0.850025
1400,0.852633
1401,0.852633
1402,0.860455
1403,0.86567
1404,0.85524
1405,0.873492
1406,0.85524
1407,0.850025
1408,0.850025
1409,0.842203
1410,0.857847
1411,0.86567
1412,0.860455
1413,0.85524
1414,0.857847
1415,0.847418
1416,0.83438
1417,0.839595
1418,0.847418
1419,0.847418
1420,0.83438
1421,0.836988
1422,0.852633
1423,0.85524
1424,0.839595
1425,0.85524
1426,0.831773
1427,0.836988
1428,0.836988
1429,0.821343
1430,0.857847
1431,0.829166
1432,0.829166
1433,0.829166
1434,0.823951
1435,0.831773
1436,0.83438
1437,0.84481
1438,0.823951
1439,0.823951
1440,0.826558
1441,0.816128
1442,0.810914
1443,0.813521
1444,0.816128
1445,0.800484
1446,0.818736
1447,0.823951
1448,0.816128
1449,0.823951
1450,0.810914
1451,0.823951
1452,0.787447
1453,0.823951
1454,0.792661
1455,0.800484
1456,0.823951
1457,0.792661
1458,0.805699
1459,0.795269
1460,0.787447
1461,0.782232
1462,0.810914
1463,0.795269
1464,0.795269
1465,0.800484
1466,0.795269
1467,0.797876
1468,0.792661
1469,0.795269
1470,0.790054
1471,0.803091
1472,0.792661
1473,0.782232
1474,0.810914
1475,0.787447
1476,0.782232
1477,0.771802
1478,0.777017
1479,0.784839
1480,0.766587
1481,0.777017
1482,0.766587
1483,0.766587
1484,0.761372
1485,0.761372
1486,0.761372
1487,0.750942
1488,0.758765
1489,0.771802
1490,0.769194
1491,0.76398
1492,0.766587
1493,0.771802
1494,0.779624
1495,0.758765
1496,0.766587
1497,0.748335
1498,0.779624
1499,0.758765
1500,0.750942
1501,0.75355
1502,0.774409
1503,0.761372
1504,0.748335
1505,0.745728
1506,0.750942
1507,0.761372
1508,0.750942
1509,0.750942
1510,0.745728
1511,0.735298
1512,0.724868
1513,0.750942
1514,0.748335
1515,0.722261
1516,0.724868
1517,0.722261
1518,0.727475
1519,0.709223
1520,0.745728
1521,0.719653
1522,0.735298
1523,0.727475
1524,0.722261
1525,0.73269
1526,0.701401
1527,0.709223
1528,0.709223
1529,0.706616
1530,0.696186
1531,0.701401
1532,0.709223
1533,0.709223
1534,0.711831
1535,0.690971
1536,0.690971
1537,0.698794
1538,0.706616
1539,0.690971
1540,0.693579
1541,0.690971
1542,0.685756
1543,0.690971
1544,0.693579
1545,0.677934
1546,0.690971
1547,0.677934
1548,0.65186
1549,0.680542
1550,0.680542
1551,0.677934
1552,0.667504
1553,0.672719
1554,0.672719
1555,0.670112
1556,0.659682
1557,0.675327
1558,0.664897
1559,0.670112
1560,0.670112
1561,0.675327
1562,0.646645
1563,0.66229
1564,0.659682
1565,0.664897
1566,0.667504
1567,0.672719
1568,0.64143
1569,0.654467
1570,0.657075
1571,0.672719
1572,0.66229
1573,0.64143
1574,0.646645
1575,0.638823
1576,0.638823
1577,0.646645
1578,0.654467
1579,0.638823
1580,0.646645
1581,0.631
1582,0.649252
1583,0.625785
1584,0.623178
1585,0.631
1586,0.617963
1587,0.628393
1588,0.625785
1589,0.612748
1590,0.602318
1591,0.602318
1592,0.617963
1593,0.602318
1594,0.604926
1595,0.586674
1596,0.610141
1597,0.607533
1598,0.602318
1599,0.589281
1600,0.584066
1601,0.591889
1602,0.573637
1603,0.581459
1604,0.573637
1605,0.599711
1606,0.589281
1607,0.589281
1608,0.586674
1609,0.586674
1610,0.581459
1611,0.578851
1612,0.576244
1613,0.578851
1614,0.571029
1615,0.573637
1616,0.557992
1617,0.537132
1618,0.573637
1619,0.557992
1620,0.573637
1621,0.547562
1622,0.55017
1623,0.571029
1624,0.526703
1625,0.53974
1626,0.544955
1627,0.563207
1628,0.542347
1629,0.544955
1630,0.544955
1631,0.547562
1632,0.53974
1633,0.544955
1634,0.531918
1635,0.542347
1636,0.526703
1637,0.524095
1638,0.508451
1639,0.51888
1640,0.544955
1641,0.513665
1642,0.500628
1643,0.52931
1644,0.513665
1645,0.505843
1646,0.503236
1647,0.511058
1648,0.498021
1649,0.503236
1650,0.500628
1651,0.511058
1652,0.482376
1653,0.490199
1654,0.490199
1655,0.492806
1656,0.484984
1657,0.479769
1658,0.482376
1659,0.487591
1660,0.477161
1661,0.474554
1662,0.490199
1663,0.482376
1664,0.498021
1665,0.479769
1666,0.464124
1667,0.458909
1668,0.469339
1669,0.466732
1670,0.453694
1671,0.458909
1672,0.453694
1673,0.451087
1674,0.440657
1675,0.435442
1676,0.445872
1677,0.451087
1678,0.42762
1679,0.43805
1680,0.451087
1681,0.435442
1682,0.451087
1683,0.430227
1684,0.411975
1685,0.41719
1686,0.419798
1687,0.419798
1688,0.41719
1689,0.419798
1690,0.401546
1691,0.40676
1692,0.398938
1693,0.425013
1694,0.422405
1695,0.396331
1696,0.411975
1697,0.411975
1698,0.383294
1699,0.391116
1700,0.383294
1701,0.391116
1702,0.378079
1703,0.380686
1704,0.380686
1705,0.367649
1706,0.378079
1707,0.380686
1708,0.362434
1709,0.375471
1710,0.357219
1711,0.370256
1712,0.357219
1713,0.357219
1714,0.378079
1715,0.367649
1716,0.357219
1717,0.352004
1718,0.346789
1719,0.365041
1720,0.33636
1721,0.33636
1722,0.354612
1723,0.352004
1724,0.341574
1725,0.341574
1726,0.323322
1727,0.328537
1728,0.32593
1729,0.338967
1730,0.33636
1731,0.33636
1732,0.32593
1733,0.333752
1734,0.318108
1735,0.323322
1736,0.312893
1737,0.307678
1738,0.299855
1739,0.30507
1740,0.286818
1741,0.281603
1742,0.289426
1743,0.307678
1744,0.307678
1745,0.297248
1746,0.292033
1747,0.276389
1748,0.294641
1749,0.284211
1750,0.273781
1751,0.260744
1752,0.276389
1753,0.273781
1754,0.292033
1755,0.273781
1756,0.265959
1757,0.273781
1758,0.271174
1759,0.276389
1760,0.247707
1761,0.268566
1762,0.250314
1763,0.247707
1764,0.258136
1765,0.247707
1766,0.239884
1767,0.219025
1768,0.239884
1769,0.23467
1770,0.239884
1771,0.219025
1772,0.237277
1773,0.23467
1774,0.211203
1775,0.219025
1776,0.20338
1777,0.208595
1778,0.211203
1779,0.221632
1780,0.221632
1781,0.219025
1782,0.205988
1783,0.20338
1784,0.21381
1785,0.205988
1786,0.190343
1787,0.20338
1788,0.19295
1789,0.185128
1790,0.198165
1791,0.174698
1792,0.19295
1793,0.19295
1794,0.198165
1795,0.174698
1796,0.174698
1797,0.174698
1798,0.174698
1799,0.148624
1800,0.161661
1801,0.169484
1802,0.164269
1803,0.174698
1804,0.151231
1805,0.151231
1806,0.148624
1807,0.143409
1808,0.143409
1809,0.135587
1810,0.143409
1811,0.132979
1812,0.135587
1813,0.127765
1814,0.114727
1815,0.114727
1816,0.12255
1817,0.117335
1818,0.12255
1819,0.132979
1820,0.119942
1821,0.130372
1822,0.10169
1823,0.0964752
1824,0.0990827
1825,0.0886529
1826,0.0860455
1827,0.11212
1828,0.109512
1829,0.0860455
1830,0.0964752
1831,0.0886529
1832,0.0990827
1833,0.0912604
1834,0.0886529
1835,0.0756157
1836,0.065186
1837,0.0730083
1838,0.0599711
1839,0.0782232
1840,0.0704008
1841,0.0469339
1842,0.0756157
1843,0.065186
1844,0.0599711
1845,0.0599711
1846,0.0495413
1847,0.0547562
1848,0.0365041
1849,0.0495413
1850,0.0443265
1851,0.0469339
1852,0.0260744
1853,0.041719
1854,0.0260744
1855,0.0260744
1856,0.023467
1857,0.0208595
1858,0.0130372
1859,0.0156446
1860,0.0260744
1861,0.0130372
1862,0.0182521
1863,0.0130372
1864,0.0
1865,-0.00521488
1866,-0.00782232
1867,0.0182521
1868,0.00260744
1869,-0.0286818
1870,-0.0130372
1871,-0.0182521
1872,-0.0260744
1873,-0.0365041
1874,-0.0182521
1875,-0.0312893
1876,-0.0156446
1877,-0.0182521
1878,-0.0208595
1879,-0.0338967
1880,-0.0312893
1881,-0.0704008
1882,-0.0495413
1883,-0.0312893
1884,-0.0469339
1885,-0.0443265
1886,-0.0495413
1887,-0.0469339
1888,-0.0625785
1889,-0.065186
1890,-0.0625785
1891,-0.0625785
1892,-0.0782232
1893,-0.0912604
1894,-0.0756157
1895,-0.083438
1896,-0.0782232
1897,-0.0782232
1898,-0.0912604
1899,-0.106905
1900,-0.11212
1901,-0.0964752
1902,-0.0808306
1903,-0.0912604
1904,-0.104298
1905,-0.109512
1906,-0.114727
1907,-0.0912604
1908,-0.114727
1909,-0.119942
1910,-0.12255
1911,-0.106905
1912,-0.114727
1913,-0.114727
1914,-0.127765
1915,-0.125157
1916,-0.125157
1917,-0.135587
1918,-0.130372
1919,-0.127765
1920,-0.125157
1921,-0.130372
1922,-0.135587
1923,-0.143409
1924,-0.135587
1925,-0.159054
1926,-0.151231
1927,-0.164269
1928,-0.151231
1929,-0.161661
1930,-0.153839
1931,-0.169484
1932,-0.177306
1933,-0.159054
1934,-0.153839
1935,-0.179913
1936,-0.177306
1937,-0.177306
1938,-0.198165
1939,-0.190343
1940,-0.179913
1941,-0.177306
1942,-0.190343
1943,-0.185128
1944,-0.200773
1945,-0.195558
1946,-0.208595
1947,-0.200773
1948,-0.211203
1949,-0.219025
1950,-0.221632
1951,-0.229455
1952,-0.22424
1953,-0.23467
1954,-0.22424
1955,-0.239884
1956,-0.247707
1957,-0.250314
1958,-0.239884
1959,-0.23467
1960,-0.239884
1961,-0.239884
1962,-0.229455
1963,-0.268566
1964,-0.239884
1965,-0.250314
1966,-0.252922
1967,-0.252922
1968,-0.263351
1969,-0.258136
1970,-0.258136
1971,-0.268566
1972,-0.265959
1973,-0.271174
1974,-0.252922
1975,-0.268566
1976,-0.284211
1977,-0.289426
1978,-0.286818
1979,-0.268566
1980,-0.297248
1981,-0.292033
1982,-0.289426
1983,-0.294641
1984,-0.273781
1985,-0.299855
1986,-0.307678
1987,-0.307678
1988,-0.299855
1989,-0.307678
1990,-0.278996
1991,-0.312893
1992,-0.318108
1993,-0.312893
1994,-0.331145
1995,-0.331145
1996,-0.32593
1997,-0.323322
1998,-0.333752
1999,-0.333752
2000,-0.338967
2001,-0.344182
2002,-0.344182
2003,-0.341574
2004,-0.344182
2005,-0.341574
2006,-0.328537
2007,-0.357219
2008,-0.357219
2009,-0.349397
2010,-0.372864
2011,-0.385901
2012,-0.375471
2013,-0.372864
2014,-0.359827
2015,-0.378079
2016,-0.367649
2017,-0.357219
2018,-0.375471
2019,-0.398938
2020,-0.380686
2021,-0.372864
2022,-0.380686
2023,-0.380686
2024,-0.380686
2025,-0.401546
2026,-0.409368
2027,-0.396331
2028,-0.396331
2029,-0.398938
2030,-0.401546
2031,-0.422405
2032,-0.40676
2033,-0.409368
2034,-0.409368
2035,-0.411975
2036,-0.440657
2037,-0.430227
2038,-0.425013
2039,-0.432835
2040,-0.432835
2041,-0.461517
2042,-0.440657
2043,-0.435442
2044,-0.443265
2045,-0.43805
2046,-0.43805
2047,-0.432835
2048,-0.458909
2049,-0.443265
2050,-0.474554
2051,-0.453694
2052,-0.461517
2053,-0.466732
2054,-0.498021
2055,-0.477161
2056,-0.461517
2057,-0.469339
2058,-0.469339
2059,-0.474554
2060,-0.477161
2061,-0.477161
2062,-0.469339
2063,-0.482376
2064,-0.479769
2065,-0.495413
2066,-0.477161
2067,-0.495413
2068,-0.482376
2069,-0.505843
2070,-0.516273
2071,-0.508451
2072,-0.505843
2073,-0.498021
2074,-0.51888
2075,-0.511058
2076,-0.521488
2077,-0.505843
2078,-0.521488
2079,-0.547562
2080,-0.52931
2081,-0.516273
2082,-0.511058
2083,-0.524095
2084,-0.537132
2085,-0.524095
2086,-0.534525
2087,-0.542347
2088,-0.524095
2089,-0.534525
2090,-0.547562
2091,-0.55017
2092,-0.565814
2093,-0.552777
2094,-0.565814
2095,-0.555385
2096,-0.578851
2097,-0.568422
2098,-0.565814
2099,-0.571029
2100,-0.589281
2101,-0.576244
2102,-0.586674
2103,-0.573637
2104,-0.576244
2105,-0.568422
2106,-0.573637
2107,-0.578851
2108,-0.581459
2109,-0.581459
2110,-0.576244
2111,-0.591889
2112,-0.594496
2113,-0.623178
2114,-0.602318
2115,-0.610141
2116,-0.599711
2117,-0.617963
2118,-0.612748
2119,-0.607533
2120,-0.607533
2121,-0.607533
2122,-0.604926
2123,-0.604926
2124,-0.623178
2125,-0.617963
2126,-0.607533
2127,-0.610141
2128,-0.628393
2129,-0.644037
2130,-0.649252
2131,-0.625785
2132,-0.649252
2133,-0.631
2134,-0.625785
2135,-0.638823
2136,-0.638823
2137,-0.638823
2138,-0.644037
2139,-0.638823
2140,-0.64143
2141,-0.664897
2142,-0.667504
2143,-0.646645
2144,-0.66229
2145,-0.664897
2146,-0.664897
2147,-0.667504
2148,-0.670112
2149,-0.675327
2150,-0.670112
2151,-0.672719
2152,-0.664897
2153,-0.677934
2154,-0.693579
2155,-0.680542
2156,-0.677934
2157,-0.698794
2158,-0.698794
2159,-0.698794
2160,-0.706616
2161,-0.706616
2162,-0.706616
2163,-0.704009
2164,-0.696186
2165,-0.698794
2166,-0.722261
2167,-0.717046
2168,-0.727475
2169,-0.717046
2170,-0.706616
2171,-0.724868
2172,-0.730083
2173,-0.727475
2174,-0.711831
2175,-0.727475
2176,-0.724868
2177,-0.735298
2178,-0.717046
2179,-0.73269
2180,-0.724868
2181,-0.735298
2182,-0.737905
2183,-0.73269
2184,-0.74312
2185,-0.740513
2186,-0.735298
2187,-0.756157
2188,-0.771802
2189,-0.737905
2190,-0.74312
2191,-0.748335
2192,-0.761372
2193,-0.769194
2194,-0.779624
2195,-0.784839
2196,-0.774409
2197,-0.758765
2198,-0.779624
2199,-0.76398
2200,-0.771802
2201,-0.779624
2202,-0.782232
2203,-0.784839
2204,-0.797876
2205,-0.771802
2206,-0.784839
2207,-0.800484
2208,-0.782232
2209,-0.787447
2210,-0.779624
2211,-0.790054
2212,-0.795269
2213,-0.795269
2214,-0.790054
2215,-0.795269
2216,-0.810914
2217,-0.808306
2218,-0.818736
2219,-0.805699
2220,-0.808306
2221,-0.816128
2222,-0.803091
2223,-0.823951
2224,-0.816128
2225,-0.818736
2226,-0.813521
2227,-0.795269
2228,-0.808306
2229,-0.826558
2230,-0.816128
2231,-0.816128
2232,-0.839595
2233,-0.810914
2234,-0.816128
2235,-0.826558
2236,-0.842203
2237,-0.850025
2238,-0.831773
2239,-0.831773
2240,-0.84481
2241,-0.84481
2242,-0.847418
2243,-0.84481
2244,-0.85524
2245,-0.850025
2246,-0.84481
2247,-0.860455
2248,-0.847418
2249,-0.852633
2250,-0.84481
2251,-0.85524
2252,-0.847418
2253,-0.868277
2254,-0.876099
2255,-0.857847
2256,-0.878707
2257,-0.883922
2258,-0.886529
2259,-0.899566
2260,-0.85524
2261,-0.878707
2262,-0.868277
2263,-0.873492
2264,-0.891744
2265,-0.889137
2266,-0.881314
2267,-0.881314
2268,-0.904781
2269,-0.891744
2270,-0.896959
2271,-0.891744
2272,-0.878707
2273,-0.891744
2274,-0.907389
2275,-0.904781
2276,-0.899566
2277,-0.904781
2278,-0.899566
2279,-0.899566
2280,-0.904781
2281,-0.912604
2282,-0.899566
2283,-0.894352
2284,-0.925641
2285,-0.928248
2286,-0.907389
2287,-0.923033
2288,-0.907389
2289,-0.923033
2290,-0.907389
2291,-0.912604
2292,-0.915211
2293,-0.904781
2294,-0.917818
2295,-0.933463
2296,-0.930856
2297,-0.923033
2298,-0.938678
2299,-0.925641
2300,-0.936071
2301,-0.933463
2302,-0.925641
2303,-0.917818
2304,-0.915211
2305,-0.920426
2306,-0.949108
2307,-0.941285
2308,-0.933463
2309,-0.949108
2310,-0.949108
2311,-0.949108
2312,-0.936071
2313,-0.9465
2314,-0.9465
2315,-0.941285
2316,-0.951715
2317,-0.949108
2318,-0.936071
2319,-0.95693
2320,-0.954323
2321,-0.964752
2322,-0.964752
2323,-0.959538
2324,-0.949108
2325,-0.962145
2326,-0.97779
2327,-0.964752
2328,-0.993434
2329,-0.975182
2330,-0.97779
2331,-0.97779
2332,-0.96736
2333,-0.975182
2334,-0.964752
2335,-0.988219
2336,-0.972575
2337,-0.975182
2338,-0.959538
2339,-0.96736
2340,-0.998649
2341,-1.00908
2342,-0.990827
2343,-0.993434
2344,-0.969967
2345,-1.00386
2346,-0.980397
2347,-0.988219
2348,-0.988219
2349,-1.00126
2350,-1.00647
2351,-1.01951
2352,-1.00386
2353,-1.00908
2354,-0.998649
2355,-0.996042
2356,-1.00126
2357,-0.996042
2358,-0.993434
2359,-1.00386
2360,-1.00126
2361,-0.97779
2362,-1.00126
2363,-0.988219
2364,-0.998649
2365,-1.02212
2366,-1.0169
2367,-1.01169
2368,-1.00908
2369,-0.998649
2370,-0.996042
2371,-1.01169
2372,-1.01429
2373,-1.00908
2374,-1.03776
2375,-1.02733
2376,-1.02472
2377,-1.01429
2378,-1.01429
2379,-1.01169
2380,-1.03255
2381,-1.00908
2382,-1.02472
2383,-1.0169
2384,-1.02212
2385,-1.00647
2386,-1.03255
2387,-1.02212
2388,-1.01951
2389,-1.02994
2390,-1.02733
2391,-1.02212
2392,-1.02733
2393,-1.02733
2394,-1.02212
2395,-1.03515
2396,-1.03255
2397,-1.03255
2398,-1.03515
2399,-1.04298
2400,-1.03776
2401,-1.01951
2402,-1.02733
2403,-1.03255
2404,-1.03776
2405,-1.04298
2406,-1.02733
2407,-1.04819
2408,-1.04298
2409,-1.04819
2410,-1.04037
2411,-1.03255
2412,-1.03776
2413,-1.04819
2414,-1.05341
2415,-1.03776
2416,-1.05341
2417,-1.06123
2418,-1.05862
2419,-1.0508
2420,-1.06384
2421,-1.05341
2422,-1.03255
2423,-1.04819
2424,-1.04819
2425,-1.04298
2426,-1.03776
2427,-1.06123
2428,-1.0508
2429,-1.06644
2430,-1.07426
2431,-1.05601
2432,-1.05341
2433,-1.05341
2434,-1.07166
2435,-1.07166
2436,-1.08991
2437,-1.05862
2438,-1.06384
2439,-1.06644
2440,-1.06384
2441,-1.07166
2442,-1.07426
2443,-1.07948
2444,-1.07687
2445,-1.06644
2446,-1.06905
2447,-1.07426
2448,-1.06644
2449,-1.06644
2450,-1.07948
2451,-1.08209
2452,-1.05862
2453,-1.0873
2454,-1.08209
2455,-1.07426
2456,-1.06905
2457,-1.06644
2458,-1.07426
2459,-1.07948
2460,-1.07166
2461,-1.06644
2462,-1.06384
2463,-1.06644
2464,-1.06644
2465,-1.07166
2466,-1.06123
2467,-1.07166
2468,-1.07948
2469,-1.08469
2470,-1.05862
2471,-1.06905
2472,-1.08209
2473,-1.07948
2474,-1.07687
2475,-1.06384
2476,-1.07426
2477,-1.07426
2478,-1.08209
2479,-1.06644
2480,-1.06123
2481,-1.08209
2482,-1.06644
2483,-1.06644
2484,-1.07426
2485,-1.08469
2486,-1.07687
2487,-1.06905
2488,-1.08469
2489,-1.07687
2490,-1.09773
2491,-1.06644
2492,-1.07426
2493,-1.07166
2494,-1.08209
2495,-1.05862
2496,-1.07687
2497,-1.08469
2498,-1.07166
2499,-1.08209
2500,-1.08209
2501,-1.06644
2502,-1.06644
2503,-1.07166
2504,-1.06905
2505,-1.06644
2506,-1.07948
2507,-1.06384
2508,-1.04558
2509,-1.08209
2510,-1.06644
2511,-1.05341
2512,-1.06905
2513,-1.06644
2514,-1.06384
2515,-1.06644
2516,-1.06905
2517,-1.06905
2518,-1.07426
2519,-1.06644
2520,-1.0873
2521,-1.08469
2522,-1.07687
2523,-1.08469
2524,-1.08209
2525,-1.06644
2526,-1.06384
2527,-1.07687
2528,-1.07426
2529,-1.07426
2530,-1.06123
2531,-1.06644
2532,-1.06644
2533,-1.05862
2534,-1.06644
2535,-1.07687
2536,-1.08209
2537,-1.07948
2538,-1.06123
2539,-1.07426
2540,-1.06644
2541,-1.07426
2542,-1.07166
2543,-1.06384
2544,-1.08209
2545,-1.07948
2546,-1.06123
2547,-1.06905
2548,-1.06644
2549,-1.09773
2550,-1.06384
2551,-1.06644
2552,-1.09252
2553,-1.05341
2554,-1.06123
2555,-1.09252
2556,-1.0873
2557,-1.07426
2558,-1.06384
2559,-1.06644
2560,-1.07687
2561,-1.07426
2562,-1.07426
2563,-1.06644
2564,-1.04037
2565,-1.0508
2566,-1.05601
2567,-1.07426
2568,-1.07166
2569,-1.06644
2570,-1.06905
2571,-1.05862
2572,-1.06905
2573,-1.06384
2574,-1.06644
2575,-1.07687
2576,-1.06384
2577,-1.05341
2578,-1.08209
2579,-1.07426
2580,-1.07426
2581,-1.07426
2582,-1.09512
2583,-1.08469
2584,-1.06644
2585,-1.06123
2586,-1.04558
2587,-1.05601
2588,-1.07687
2589,-1.06644
2590,-1.07948
2591,-1.06384
2592,-1.07426
2593,-1.06384
2594,-1.07426
2595,-1.06123
2596,-1.04558
2597,-1.07948
2598,-1.08209
2599,-1.08209
2600,-1.06644
2601,-1.06905
2602,-1.06123
2603,-1.06123
2604,-1.06905
2605,-1.07426
2606,-1.05601
2607,-1.05601
2608,-1.07687
2609,-1.07426
2610,-1.04298
2611,-1.05341
2612,-1.06384
2613,-1.07687
2614,-1.06384
2615,-1.08209
2616,-1.07426
2617,-1.07166
2618,-1.0508
2619,-1.04558
2620,-1.04298
2621,-1.05341
2622,-1.07426
2623,-1.05341
2624,-1.06644
2625,-1.05341
2626,-1.07687
2627,-1.06123
2628,-1.08209
2629,-1.07166
2630,-1.04037
2631,-1.05341
2632,-1.04298
2633,-1.04037
2634,-1.05341
2635,-1.05341
2636,-1.06384
2637,-1.06123
2638,-1.05862
2639,-1.04558
2640,-1.04819
2641,-1.03255
2642,-1.04819
2643,-1.0508
2644,-1.04819
2645,-1.04298
2646,-1.05341
2647,-1.03255
2648,-1.04037
2649,-1.04298
2650,-1.04037
2651,-1.04298
2652,-1.0508
2653,-1.04819
2654,-1.04037
2655,-1.04298
2656,-1.02472
2657,-1.02733
2658,-1.01951
2659,-1.02212
2660,-1.03255
2661,-1.04558
2662,-1.03776
2663,-1.04819
2664,-1.03515
2665,-1.03255
2666,-1.04037
2667,-1.01429
2668,-1.01429
2669,-1.02472
2670,-1.02994
2671,-1.00647
2672,-1.03515
2673,-1.0169
2674,-1.01429
2675,-1.01429
2676,-1.02212
2677,-1.00908
2678,-1.04298
2679,-1.02994
2680,-1.0169
2681,-1.00126
2682,-1.0169
2683,-1.01951
2684,-1.00908
2685,-1.0169
2686,-1.0169
2687,-1.02212
2688,-1.00126
2689,-1.01169
2690,-1.02212
2691,-1.00647
2692,-1.00386
2693,-1.00908
2694,-0.993434
2695,-1.00908
2696,-0.985612
2697,-0.993434
2698,-1.00126
2699,-1.00908
2700,-0.988219
2701,-1.00386
2702,-0.993434
2703,-0.988219
2704,-1.00908
2705,-0.998649
2706,-0.980397
2707,-0.985612
2708,-0.97779
2709,-0.969967
2710,-0.990827
2711,-0.980397
2712,-0.993434
2713,-0.975182
2714,-0.983005
2715,-0.990827
2716,-0.996042
2717,-0.988219
2718,-0.97779
2719,-0.969967
2720,-0.943893
2721,-0.97779
2722,-0.97779
2723,-0.969967
2724,-0.975182
2725,-0.96736
2726,-0.96736
2727,-0.964752
2728,-0.951715
2729,-0.96736
2730,-0.975182
2731,-0.959538
2732,-0.951715
2733,-0.964752
2734,-0.964752
2735,-0.949108
2736,-0.951715
2737,-0.95693
2738,-0.9465
2739,-0.959538
2740,-0.949108
2741,-0.949108
2742,-0.951715
2743,-0.972575
2744,-0.95693
2745,-0.949108
2746,-0.936071
2747,-0.938678
2748,-0.943893
2749,-0.933463
2750,-0.930856
2751,-0.933463
2752,-0.938678
2753,-0.925641
2754,-0.933463
2755,-0.9465
2756,-0.928248
2757,-0.917818
2758,-0.904781
2759,-0.925641
2760,-0.923033
2761,-0.920426
2762,-0.933463
2763,-0.933463
2764,-0.923033
2765,-0.923033
2766,-0.923033
2767,-0.907389
2768,-0.917818
2769,-0.909996
2770,-0.909996
2771,-0.894352
2772,-0.894352
2773,-0.923033
2774,-0.896959
2775,-0.909996
2776,-0.909996
2777,-0.917818
2778,-0.907389
2779,-0.889137
2780,-0.886529
2781,-0.891744
2782,-0.891744
2783,-0.894352
2784,-0.889137
2785,-0.883922
2786,-0.889137
2787,-0.886529
2788,-0.883922
2789,-0.873492
2790,-0.878707
2791,-0.883922
2792,-0.868277
2793,-0.883922
2794,-0.860455
2795,-0.860455
2796,-0.876099
2797,-0.886529
2798,-0.868277
2799,-0.863062
2800,-0.870885
2801,-0.86567
2802,-0.860455
2803,-0.863062
2804,-0.857847
2805,-0.831773
2806,-0.84481
2807,-0.860455
2808,-0.847418
2809,-0.847418
2810,-0.839595
2811,-0.850025
2812,-0.842203
2813,-0.850025
2814,-0.829166
2815,-0.84481
2816,-0.839595
2817,-0.831773
2818,-0.826558
2819,-0.813521
2820,-0.83438
2821,-0.823951
2822,-0.805699
2823,-0.831773
2824,-0.826558
2825,-0.831773
2826,-0.808306
2827,-0.818736
2828,-0.797876
2829,-0.813521
2830,-0.808306
2831,-0.808306
2832,-0.810914
2833,-0.800484
2834,-0.800484
2835,-0.816128
2836,-0.803091
2837,-0.810914
2838,-0.800484
2839,-0.787447
2840,-0.792661
2841,-0.795269
2842,-0.805699
2843,-0.795269
2844,-0.800484
2845,-0.792661
2846,-0.800484
2847,-0.777017
2848,-0.782232
2849,-0.766587
2850,-0.777017
2851,-0.771802
2852,-0.779624
2853,-0.782232
2854,-0.761372
2855,-0.771802
2856,-0.779624
2857,-0.766587
2858,-0.75355
2859,-0.761372
2860,-0.766587
2861,-0.75355
2862,-0.756157
2863,-0.75355
2864,-0.75355
2865,-0.758765
2866,-0.756157
2867,-0.756157
2868,-0.745728
2869,-0.750942
2870,-0.750942
2871,-0.727475
2872,-0.756157
2873,-0.756157
2874,-0.730083
2875,-0.74312
2876,-0.737905
2877,-0.730083
2878,-0.737905
2879,-0.73269
2880,-0.714438
2881,-0.727475
2882,-0.748335
2883,-0.719653
2884,-0.727475
2885,-0.745728
2886,-0.735298
2887,-0.722261
2888,-0.704009
2889,-0.724868
2890,-0.698794
2891,-0.709223
2892,-0.698794
2893,-0.704009
2894,-0.701401
2895,-0.711831
2896,-0.690971
2897,-0.698794
2898,-0.709223
2899,-0.696186
2900,-0.683149
2901,-0.683149
2902,-0.683149
2903,-0.677934
2904,-0.693579
2905,-0.675327
2906,-0.690971
2907,-0.646645
2908,-0.667504
2909,-0.664897
2910,-0.664897
2911,-0.667504
2912,-0.654467
2913,-0.657075
2914,-0.667504
2915,-0.657075
2916,-0.659682
2917,-0.654467
2918,-0.649252
2919,-0.667504
2920,-0.638823
2921,-0.654467
2922,-0.654467
2923,-0.638823
2924,-0.628393
2925,-0.623178
2926,-0.633608
2927,-0.631
2928,-0.625785
2929,-0.625785
2930,-0.631
2931,-0.610141
2932,-0.615356
2933,-0.604926
2934,-0.617963
2935,-0.633608
2936,-0.636215
2937,-0.615356
2938,-0.594496
2939,-0.591889
2940,-0.610141
2941,-0.604926
2942,-0.591889
2943,-0.607533
2944,-0.607533
2945,-0.589281
2946,-0.607533
2947,-0.623178
2948,-0.594496
2949,-0.594496
2950,-0.578851
2951,-0.576244
2952,-0.589281
2953,-0.589281
2954,-0.578851
2955,-0.55017
2956,-0.568422
2957,-0.568422
2958,-0.571029
2959,-0.55017
2960,-0.576244
2961,-0.568422
2962,-0.565814
2963,-0.524095
2964,-0.55017
2965,-0.547562
2966,-0.544955
2967,-0.531918
2968,-0.537132
2969,-0.537132
2970,-0.531918
2971,-0.53974
2972,-0.534525
2973,-0.552777
2974,-0.53974
2975,-0.55017
2976,-0.544955
2977,-0.526703
2978,-0.521488
2979,-0.521488
2980,-0.508451
2981,-0.51888
2982,-0.524095
2983,-0.508451
2984,-0.516273
2985,-0.498021
2986,-0.498021
2987,-0.495413
2988,-0.495413
2989,-0.490199
2990,-0.505843
2991,-0.487591
2992,-0.487591
2993,-0.482376
2994,-0.484984
2995,-0.492806
2996,-0.474554
2997,-0.477161
2998,-0.466732
2999,-0.461517
